0.000  0.841  0.909  0.141  -0.757  -0.959  -0.279  0.657  0.989  0.412  -0.544  -1.000  -0.537  0.420  0.991  0.650  -0.288  -0.961  -0.751  0.150  
0.000  0.000  0.841  0.909  0.141  -0.757  -0.959  -0.279  0.657  0.989  0.412  -0.544  -1.000  -0.537  0.420  0.991  0.650  -0.288  -0.961  -0.751  
0.000  0.000  0.000  0.841  0.909  0.141  -0.757  -0.959  -0.279  0.657  0.989  0.412  -0.544  -1.000  -0.537  0.420  0.991  0.650  -0.288  -0.961  
0.000  0.000  0.000  0.000  0.841  0.909  0.141  -0.757  -0.959  -0.279  0.657  0.989  0.412  -0.544  -1.000  -0.537  0.420  0.991  0.650  -0.288  
0.000  0.000  0.000  0.000  0.000  0.841  0.909  0.141  -0.757  -0.959  -0.279  0.657  0.989  0.412  -0.544  -1.000  -0.537  0.420  0.991  0.650  
0.000  0.000  0.000  0.000  0.000  0.000  0.841  0.909  0.141  -0.757  -0.959  -0.279  0.657  0.989  0.412  -0.544  -1.000  -0.537  0.420  0.991  
0.000  0.000  0.000  0.000  0.000  0.000  0.000  0.841  0.909  0.141  -0.757  -0.959  -0.279  0.657  0.989  0.412  -0.544  -1.000  -0.537  0.420  
0.000  0.000  0.000  0.000  0.000  0.000  0.000  0.000  0.841  0.909  0.141  -0.757  -0.959  -0.279  0.657  0.989  0.412  -0.544  -1.000  -0.537  
0.000  0.000  0.000  0.000  0.000  0.000  0.000  0.000  0.000  0.841  0.909  0.141  -0.757  -0.959  -0.279  0.657  0.989  0.412  -0.544  -1.000  
0.000  0.000  0.000  0.000  0.000  0.000  0.000  0.000  0.000  0.000  0.841  0.909  0.141  -0.757  -0.959  -0.279  0.657  0.989  0.412  -0.544  
0.000  0.000  0.000  0.000  0.000  0.000  0.000  0.000  0.000  0.000  0.000  0.841  0.909  0.141  -0.757  -0.959  -0.279  0.657  0.989  0.412  
0.000  0.000  0.000  0.000  0.000  0.000  0.000  0.000  0.000  0.000  0.000  0.000  0.841  0.909  0.141  -0.757  -0.959  -0.279  0.657  0.989  
0.000  0.000  0.000  0.000  0.000  0.000  0.000  0.000  0.000  0.000  0.000  0.000  0.000  0.841  0.909  0.141  -0.757  -0.959  -0.279  0.657  
0.000  0.000  0.000  0.000  0.000  0.000  0.000  0.000  0.000  0.000  0.000  0.000  0.000  0.000  0.841  0.909  0.141  -0.757  -0.959  -0.279  
0.000  0.000  0.000  0.000  0.000  0.000  0.000  0.000  0.000  0.000  0.000  0.000  0.000  0.000  0.000  0.841  0.909  0.141  -0.757  -0.959  
0.000  0.000  0.000  0.000  0.000  0.000  0.000  0.000  0.000  0.000  0.000  0.000  0.000  0.000  0.000  0.000  0.841  0.909  0.141  -0.757  
0.000  0.000  0.000  0.000  0.000  0.000  0.000  0.000  0.000  0.000  0.000  0.000  0.000  0.000  0.000  0.000  0.000  0.841  0.909  0.141  
0.000  0.000  0.000  0.000  0.000  0.000  0.000  0.000  0.000  0.000  0.000  0.000  0.000  0.000  0.000  0.000  0.000  0.000  0.841  0.909  
0.000  0.000  0.000  0.000  0.000  0.000  0.000  0.000  0.000  0.000  0.000  0.000  0.000  0.000  0.000  0.000  0.000  0.000  0.000  0.841  
